Basic statistic value.
----------------------------------------------------------------
Treat. Rep.   Sum.     Avg.       S.S      SS(n)     SS(n-1)
----------------------------------------------------------------
  1     10   37.190   3.7190   148.7033     1.0394     1.1549
  2     10   43.860   4.3860   202.5432     1.0173     1.1304
  3      8   35.280   4.4100   164.6856     1.1376     1.3001
  4      6   30.000   5.0000   153.1334     0.5222     0.6267
----------------------------------------------------------------
Total:  34  146.330   4.3038   669.0654
----------------------------------------------------------------

ANOVA's table.
-------------------------------------------------------
S.O.V.   D.F.       S. S.       M. S.      F. value
-------------------------------------------------------
Treat      3        6.4858     2.161947     1.9773 
Error     30       32.8011     1.093370            
-------------------------------------------------------
Total     33       39.2869                         
-------------------------------------------------------

F - value
---------------------------------------------
         1         2         3         4
---------------------------------------------
  1 |   1.000     1.022     0.888     1.843  
  2 |   0.979     1.000     0.869     1.804  
  3 |   1.126     1.150     1.000     2.075  
  4 |   0.543     0.554     0.482     1.000  
---------------------------------------------

t - value
---------------------------------------------
         1         2         3         4
---------------------------------------------
  1 |   0.000    -1.305    -1.196    -2.567  
  2 |   1.305     0.000    -0.042    -1.251  
  3 |   1.196     0.042     0.000    -1.072  
  4 |   2.567     1.251     1.072     0.000  
---------------------------------------------
Deg. of freedom
---------------------------------------------
         1         2         3         4
---------------------------------------------
  1 |  18.000    18.000    16.000    14.000  
  2 |  18.000    18.000    16.000    14.000  
  3 |  16.000    16.000    14.000    12.000  
  4 |  14.000    14.000    12.000    10.000  
---------------------------------------------

t' - value
---------------------------------------------
         1         2         3         4
---------------------------------------------
  1 |   0.000    -1.395    -1.311    -2.732  
  2 |   1.395     0.000    -0.046    -1.317  
  3 |   1.311     0.046     0.000    -1.142  
  4 |   2.732     1.317     1.142     0.000  
---------------------------------------------
Deg. of freedom
---------------------------------------------
         1         2         3         4
---------------------------------------------
  1 |  18.000    17.998    14.707    13.203  
  2 |  17.998    18.000    14.622    13.133  
  3 |  14.707    14.622    14.000    11.968  
  4 |  13.203    13.133    11.968    10.000  
---------------------------------------------

