Job name: 74 ¦~ 1 ´Á  2¡Ñ8   A. ¤£°£¯ó
Table 1 -1. The VARiance-COVariance matrix.
Table 1 -1-1. P1A
---------------------------------------------------------------------------
          1         2         3         4         5         6         7    
---------------------------------------------------------------------------
  1 |    2.5334    0.8849    0.9766   62.2569   -3.3878    2.4420    2.4420
  2 |    0.8849    0.7692   -0.0450   23.3782    6.2885    0.7869    0.7869
  3 |    0.9766   -0.0450    2.3778   23.7942   -1.5200    0.8903    0.8903
  4 |   62.2569   23.3782   23.7942 1603.4103  -67.4936   59.9612   59.9612
  5 |   -3.3878    6.2885   -1.5200  -67.4936  181.4103   -5.0137   -5.0137
  6 |    2.4420    0.7869    0.8903   59.9612   -5.0137    2.3881    2.3881
  7 |    2.4420    0.7869    0.8903   59.9612   -5.0137    2.3881    2.3881
  8 |    0.3072   -1.1168   -0.2678  -14.4624  -23.3068    0.5819    0.5819
  9 |    0.0893   -0.0036    0.0278    2.0962   -1.0093    0.0944    0.0944
 10 |   -1.6054   -8.4872    7.0226  -45.7895 -119.4049   -0.5047   -0.5047
---------------------------------------------------------------------------
Table 1 -1-1. P1A
-----------------------------------
          8         9        10    
-----------------------------------
  1 |    0.3072    0.0893   -1.6054
  2 |   -1.1168   -0.0036   -8.4872
  3 |   -0.2678    0.0278    7.0226
  4 |  -14.4624    2.0962  -45.7895
  5 |  -23.3068   -1.0093 -119.4049
  6 |    0.5819    0.0944   -0.5047
  7 |    0.5819    0.0944   -0.5047
  8 |    9.3288    0.1330   15.3690
  9 |    0.1330    0.0080    0.5402
 10 |   15.3690    0.5402  162.2632
-----------------------------------

Table 1 -1-2. P2A
---------------------------------------------------------------------------
          1         2         3         4         5         6         7    
---------------------------------------------------------------------------
  1 |    0.7584    0.0549   -0.3287   -0.3057    2.8270    0.2628    0.2628
  2 |    0.0549    0.4000    0.5113   35.9556    4.5778    0.8767    0.8767
  3 |   -0.3287    0.5113    2.4496   70.9780    1.7860    1.5385    1.5385
  4 |   -0.3057   35.9556   70.9780 4004.6778  251.0778   88.2294   88.2294
  5 |    2.8270    4.5778    1.7860  251.0778  127.4333    8.2994    8.2994
  6 |    0.2628    0.8767    1.5385   88.2294    8.2994    2.3206    2.3206
  7 |    0.2628    0.8767    1.5385   88.2294    8.2994    2.3206    2.3206
  8 |    0.8073    0.7001    0.8152   43.6207   12.7142    2.3740    2.3740
  9 |   -0.0077    0.0089    0.0357    1.6941   -0.1960    0.0302    0.0302
 10 |   -0.3575    1.9481    9.1684  387.8463   -6.4833    6.9462    6.9462
---------------------------------------------------------------------------
Table 1 -1-2. P2A
-----------------------------------
          8         9        10    
-----------------------------------
  1 |    0.8073   -0.0077   -0.3575
  2 |    0.7001    0.0089    1.9481
  3 |    0.8152    0.0357    9.1684
  4 |   43.6207    1.6941  387.8463
  5 |   12.7142   -0.1960   -6.4833
  6 |    2.3740    0.0302    6.9462
  7 |    2.3740    0.0302    6.9462
  8 |    5.8542   -0.0071   -1.7805
  9 |   -0.0071    0.0015    0.2494
 10 |   -1.7805    0.2494   74.7003
-----------------------------------

Table 1 -1-3. P1A x P2A (F1)  Data are not available.

Table 1 -1-4. P1A x P2A (F2)
---------------------------------------------------------------------------
          1         2         3         4         5         6         7    
---------------------------------------------------------------------------
  1 |   15.7512    5.0281    4.6668  435.8893   54.7478   12.9040   13.6496
  2 |    5.0281    2.4672    0.9663  140.6105   29.7858    3.9514    4.2924
  3 |    4.6668    0.9663    4.6129  143.1965   24.9493    4.0571    4.1857
  4 |  435.8893  140.6105  143.196514281.2327 1504.3889  383.7203  400.6104
  5 |   54.7478   29.7858   24.9493 1504.3889 1514.3229   38.4078   41.5353
  6 |   12.9040    3.9514    4.0571  383.7203   38.4078   11.4612   11.9541
  7 |   13.6496    4.2924    4.1857  400.6104   41.5353   11.9541   12.5900
  8 |    3.0314    0.0917    0.4705  -30.7102  -17.4920    3.1398    3.1883
  9 |    0.1321    0.0067    0.0265    5.1975   -3.3678    0.1477    0.1498
 10 |   56.0330    9.7427   34.7333 1980.9499  328.3295   50.2895   51.7444
---------------------------------------------------------------------------
Table 1 -1-4. P1A x P2A (F2)
-----------------------------------
          8         9        10    
-----------------------------------
  1 |    3.0314    0.1321   56.0330
  2 |    0.0917    0.0067    9.7427
  3 |    0.4705    0.0265   34.7333
  4 |  -30.7102    5.1975 1980.9499
  5 |  -17.4920   -3.3678  328.3295
  6 |    3.1398    0.1477   50.2895
  7 |    3.1883    0.1498   51.7444
  8 |   18.4185    0.0556  -16.8314
  9 |    0.0556    0.0167    0.4088
 10 |  -16.8314    0.4088  513.2810
-----------------------------------

Job name: 74 ¦~ 1 ´Á  2¡Ñ8   A. ¤£°£¯ó
Table 1 -2. Mean, S.E. and Heritability.
-------------------------------------------------------------------------
            Parent 1           Parent 2           Hybrid                
Trait  -----------------  -----------------  -----------------   h ý (%)
         Mean     S.E.      Mean     S.E.      Mean     S.E.            
-------------------------------------------------------------------------
   1     5.1669   1.5917    6.1370   0.8708    7.1534   3.9688   89.5509
   2     2.4615   0.8771    2.8000   0.6325    3.6000   1.5707   76.3046
   3    15.8800   1.5420   16.5360   1.5651   16.7728   2.1478   47.6744
   4   122.0769  40.0426  229.3000  63.2825  223.1495 119.5041   80.3655
   5    25.9231  13.4689   37.1000  11.2886   52.1879  38.9143   89.8026
   6     4.7962   1.5454    4.6750   1.5233    6.2539   3.3854   79.4581
   7     4.7962   1.5454    4.6750   1.5233    6.3594   3.5482   81.2998
   8    39.3973   3.0543   20.2169   2.4195   28.1628   4.2917   58.7834
   9     0.8181   0.0895    0.8557   0.0393    0.8038   0.1292   71.3825
  10    63.3077  12.7383   94.5167   8.6429   79.1590  22.6557   76.9168
-------------------------------------------------------------------------

Job name: 74 ¦~ 1 ´Á  2¡Ñ8   A. ¤£°£¯ó
Table 1 -3. The coefficient of correlation matrix.
Table 1 -3-1. Phenotypic correlation.
---------------------------------------------------------------------------
          1         2         3         4         5         6         7    
---------------------------------------------------------------------------
  1 |   1.0000    0.8066    0.5475    0.9190    0.3545    0.9604    0.9693 
  2 |   0.8066    1.0000    0.2864    0.7491    0.4873    0.7431    0.7702 
  3 |   0.5475    0.2864    1.0000    0.5579    0.2985    0.5580    0.5493 
  4 |   0.9190    0.7491    0.5579    1.0000    0.3235    0.9485    0.9448 
  5 |   0.3545    0.4873    0.2985    0.3235    1.0000    0.2915    0.3008 
  6 |   0.9604    0.7431    0.5580    0.9485    0.2915    1.0000    0.9952 
  7 |   0.9693    0.7702    0.5493    0.9448    0.3008    0.9952    1.0000 
  8 |   0.1780    0.0136    0.0510   -0.0599   -0.1047    0.2161    0.2094 
  9 |   0.2576    0.0331    0.0956    0.3366   -0.6697    0.3376    0.3268 
 10 |   0.6232    0.2738    0.7138    0.7317    0.3724    0.6557    0.6437 
---------------------------------------------------------------------------
Table 1 -3-1. Phenotypic correlation.
-----------------------------------
          8         9        10    
-----------------------------------
  1 |   0.1780    0.2576    0.6232 
  2 |   0.0136    0.0331    0.2738 
  3 |   0.0510    0.0956    0.7138 
  4 |  -0.0599    0.3366    0.7317 
  5 |  -0.1047   -0.6697    0.3724 
  6 |   0.2161    0.3376    0.6557 
  7 |   0.2094    0.3268    0.6437 
  8 |   1.0000    0.1003   -0.1731 
  9 |   0.1003    1.0000    0.1397 
 10 |  -0.1731    0.1397    1.0000 
-----------------------------------

Table 1 -3-2. Genotypic correlation.
---------------------------------------------------------------------------
          1         2         3         4         5         6         7    
---------------------------------------------------------------------------
  1 |   1.0000    0.8846    0.7797    1.0000    0.3973    1.0000    1.0000 
  2 |   0.8846    1.0000    0.3603    0.7548    0.4813    0.7534    0.7884 
  3 |   0.7797    0.3603    1.0000    0.6031    0.4538    0.6352    0.6263 
  4 |   1.0000    0.7548    0.6031    1.0000    0.3576    0.9577    0.9526 
  5 |   0.3973    0.4813    0.4538    0.3576    1.0000    0.3304    0.3381 
  6 |   1.0000    0.7534    0.6352    0.9577    0.3304    1.0000    0.9943 
  7 |   1.0000    0.7884    0.6263    0.9526    0.3381    0.9943    1.0000 
  8 |   0.2002    0.0665    0.0403   -0.1285   -0.1005    0.1674    0.1625 
  9 |   0.2227    0.0270   -0.0321    0.2823   -0.6868    0.2592    0.2506 
 10 |   0.7640    0.4773    0.9040    0.8503    0.5340    0.7850    0.7633 
---------------------------------------------------------------------------
Table 1 -3-2. Genotypic correlation.
-----------------------------------
          8         9        10    
-----------------------------------
  1 |   0.2002    0.2227    0.7640 
  2 |   0.0665    0.0270    0.4773 
  3 |   0.0403   -0.0321    0.9040 
  4 |  -0.1285    0.2823    0.8503 
  5 |  -0.1005   -0.6868    0.5340 
  6 |   0.1674    0.2592    0.7850 
  7 |   0.1625    0.2506    0.7633 
  8 |   1.0000   -0.0203   -0.3614 
  9 |  -0.0203    1.0000    0.0065 
 10 |  -0.3614    0.0065    1.0000 
-----------------------------------

Table 1 -3-3. Environmental correlation.
---------------------------------------------------------------------------
          1         2         3         4         5         6         7    
---------------------------------------------------------------------------
  1 |   1.0000    0.4790    0.1625    0.4560   -0.0176    0.6870    0.6870 
  2 |   0.4790    1.0000    0.1963    0.7327    0.5718    0.7090    0.7090 
  3 |   0.1625    0.1963    1.0000    0.5760    0.0069    0.5094    0.5094 
  4 |   0.4560    0.7327    0.5760    1.0000    0.1395    0.9119    0.9119 
  5 |  -0.0176    0.5718    0.0069    0.1395    1.0000    0.0862    0.0862 
  6 |   0.6870    0.7090    0.5094    0.9119    0.0862    1.0000    1.0000 
  7 |   0.6870    0.7090    0.5094    0.9119    0.0862    1.0000    1.0000 
  8 |   0.1577   -0.0989    0.0639    0.0999   -0.1547    0.3496    0.3496 
  9 |   0.4597    0.0508    0.2954    0.5177   -0.7015    0.5873    0.5873 
 10 |  -0.0703   -0.3928    0.4787    0.2967   -0.4653    0.1928    0.1928 
---------------------------------------------------------------------------
Table 1 -3-3. Environmental correlation.
-----------------------------------
          8         9        10    
-----------------------------------
  1 |   0.1577    0.4597   -0.0703 
  2 |  -0.0989    0.0508   -0.3928 
  3 |   0.0639    0.2954    0.4787 
  4 |   0.0999    0.5177    0.2967 
  5 |  -0.1547   -0.7015   -0.4653 
  6 |   0.3496    0.5873    0.1928 
  7 |   0.3496    0.5873    0.1928 
  8 |   1.0000    0.3303    0.2265 
  9 |   0.3303    1.0000    0.5247 
 10 |   0.2265    0.5247    1.0000 
-----------------------------------


