Job name: 74 ¦~ 1 ´Á  2¡Ñ8   A. ¤£°£¯ó
Table 1 -2. Mean, S.E. and Heritability.
-------------------------------------------------------------------------
            Parent 1           Parent 2           Hybrid                
Trait  -----------------  -----------------  -----------------   h ý (%)
         Mean     S.E.      Mean     S.E.      Mean     S.E.            
-------------------------------------------------------------------------
   1     5.1669   1.5917    6.1370   0.8708    7.1534   3.9688   89.5509
   2     2.4615   0.8771    2.8000   0.6325    3.6000   1.5707   76.3046
   3    15.8800   1.5420   16.5360   1.5651   16.7728   2.1478   47.6744
   4   122.0769  40.0426  229.3000  63.2825  223.1495 119.5041   80.3655
   5    25.9231  13.4689   37.1000  11.2886   52.1879  38.9143   89.8026
   6     4.7962   1.5454    4.6750   1.5233    6.2539   3.3854   79.4581
   7     4.7962   1.5454    4.6750   1.5233    6.3594   3.5482   81.2998
   8    39.3973   3.0543   20.2169   2.4195   28.1628   4.2917   58.7834
   9     0.8181   0.0895    0.8557   0.0393    0.8038   0.1292   71.3825
  10    63.3077  12.7383   94.5167   8.6429   79.1590  22.6557   76.9168
-------------------------------------------------------------------------

Job name: 74 ¦~ 1 ´Á  2¡Ñ8   A. ¤£°£¯ó
Table 1 -3. The coefficient of correlation matrix.
Table 1 -3-1. Phenotypic correlation.
---------------------------------------------------------------------------
          1         2         3         4         5         6         7    
---------------------------------------------------------------------------
  1 |   1.0000    0.8066    0.5475    0.9190    0.3545    0.9604    0.9693 
  2 |   0.8066    1.0000    0.2864    0.7491    0.4873    0.7431    0.7702 
  3 |   0.5475    0.2864    1.0000    0.5579    0.2985    0.5580    0.5493 
  4 |   0.9190    0.7491    0.5579    1.0000    0.3235    0.9485    0.9448 
  5 |   0.3545    0.4873    0.2985    0.3235    1.0000    0.2915    0.3008 
  6 |   0.9604    0.7431    0.5580    0.9485    0.2915    1.0000    0.9952 
  7 |   0.9693    0.7702    0.5493    0.9448    0.3008    0.9952    1.0000 
  8 |   0.1780    0.0136    0.0510   -0.0599   -0.1047    0.2161    0.2094 
  9 |   0.2576    0.0331    0.0956    0.3366   -0.6697    0.3376    0.3268 
 10 |   0.6232    0.2738    0.7138    0.7317    0.3724    0.6557    0.6437 
---------------------------------------------------------------------------
Table 1 -3-1. Phenotypic correlation.
-----------------------------------
          8         9        10    
-----------------------------------
  1 |   0.1780    0.2576    0.6232 
  2 |   0.0136    0.0331    0.2738 
  3 |   0.0510    0.0956    0.7138 
  4 |  -0.0599    0.3366    0.7317 
  5 |  -0.1047   -0.6697    0.3724 
  6 |   0.2161    0.3376    0.6557 
  7 |   0.2094    0.3268    0.6437 
  8 |   1.0000    0.1003   -0.1731 
  9 |   0.1003    1.0000    0.1397 
 10 |  -0.1731    0.1397    1.0000 
-----------------------------------

Table 1 -3-2. Genotypic correlation.
---------------------------------------------------------------------------
          1         2         3         4         5         6         7    
---------------------------------------------------------------------------
  1 |   1.0000    0.8846    0.7797    1.0000    0.3973    1.0000    1.0000 
  2 |   0.8846    1.0000    0.3603    0.7548    0.4813    0.7534    0.7884 
  3 |   0.7797    0.3603    1.0000    0.6031    0.4538    0.6352    0.6263 
  4 |   1.0000    0.7548    0.6031    1.0000    0.3576    0.9577    0.9526 
  5 |   0.3973    0.4813    0.4538    0.3576    1.0000    0.3304    0.3381 
  6 |   1.0000    0.7534    0.6352    0.9577    0.3304    1.0000    0.9943 
  7 |   1.0000    0.7884    0.6263    0.9526    0.3381    0.9943    1.0000 
  8 |   0.2002    0.0665    0.0403   -0.1285   -0.1005    0.1674    0.1625 
  9 |   0.2227    0.0270   -0.0321    0.2823   -0.6868    0.2592    0.2506 
 10 |   0.7640    0.4773    0.9040    0.8503    0.5340    0.7850    0.7633 
---------------------------------------------------------------------------
Table 1 -3-2. Genotypic correlation.
-----------------------------------
          8         9        10    
-----------------------------------
  1 |   0.2002    0.2227    0.7640 
  2 |   0.0665    0.0270    0.4773 
  3 |   0.0403   -0.0321    0.9040 
  4 |  -0.1285    0.2823    0.8503 
  5 |  -0.1005   -0.6868    0.5340 
  6 |   0.1674    0.2592    0.7850 
  7 |   0.1625    0.2506    0.7633 
  8 |   1.0000   -0.0203   -0.3614 
  9 |  -0.0203    1.0000    0.0065 
 10 |  -0.3614    0.0065    1.0000 
-----------------------------------

Table 1 -3-3. Environmental correlation.
---------------------------------------------------------------------------
          1         2         3         4         5         6         7    
---------------------------------------------------------------------------
  1 |   1.0000    0.4790    0.1625    0.4560   -0.0176    0.6870    0.6870 
  2 |   0.4790    1.0000    0.1963    0.7327    0.5718    0.7090    0.7090 
  3 |   0.1625    0.1963    1.0000    0.5760    0.0069    0.5094    0.5094 
  4 |   0.4560    0.7327    0.5760    1.0000    0.1395    0.9119    0.9119 
  5 |  -0.0176    0.5718    0.0069    0.1395    1.0000    0.0862    0.0862 
  6 |   0.6870    0.7090    0.5094    0.9119    0.0862    1.0000    1.0000 
  7 |   0.6870    0.7090    0.5094    0.9119    0.0862    1.0000    1.0000 
  8 |   0.1577   -0.0989    0.0639    0.0999   -0.1547    0.3496    0.3496 
  9 |   0.4597    0.0508    0.2954    0.5177   -0.7015    0.5873    0.5873 
 10 |  -0.0703   -0.3928    0.4787    0.2967   -0.4653    0.1928    0.1928 
---------------------------------------------------------------------------
Table 1 -3-3. Environmental correlation.
-----------------------------------
          8         9        10    
-----------------------------------
  1 |   0.1577    0.4597   -0.0703 
  2 |  -0.0989    0.0508   -0.3928 
  3 |   0.0639    0.2954    0.4787 
  4 |   0.0999    0.5177    0.2967 
  5 |  -0.1547   -0.7015   -0.4653 
  6 |   0.3496    0.5873    0.1928 
  7 |   0.3496    0.5873    0.1928 
  8 |   1.0000    0.3303    0.2265 
  9 |   0.3303    1.0000    0.5247 
 10 |   0.2265    0.5247    1.0000 
-----------------------------------


