Job name: 73-1 A low input
Table 1 -1. The VARiance-COVariance matrix.
Table 1 -1-1. M.S. BLOCK (dft= 2 )
---------------------------------------------------------------------------
          1         2         3         4         5         6         7    
---------------------------------------------------------------------------
  1 |  328.523    77.610    96.921   104.098    22.183    79.131    87.429 
  2 |   77.610    78.581    15.893     6.752     3.432    27.347     3.942 
  3 |   96.921    15.893    29.408    32.785     6.755    22.339    27.736 
  4 |  104.098     6.752    32.785    38.268     7.565    22.512    32.652 
  5 |   22.183     3.432     6.755     7.565     1.552     5.084     6.405 
  6 |   79.131    27.347    22.339    22.512     5.084    20.303    18.659 
  7 |   87.429     3.942    27.736    32.652     6.405    18.659    27.903 
  8 |    8.079    13.219     1.069    -0.789     0.206     3.570    -0.987 
  9 |   -0.882    -0.193    -0.262    -0.284    -0.060    -0.210    -0.239 
 10 |  452.929   -22.886   148.723   181.979    34.484    90.442   156.566 
 11 |  201.019    22.644    62.193    71.053    14.320    44.851    60.388 
 12 |   -0.285    -0.127    -0.077    -0.073    -0.017    -0.077    -0.060 
---------------------------------------------------------------------------
Table 1 -1-1. M.S. BLOCK (dft= 2 )
-------------------------------------------------------
          8         9        10        11        12    
-------------------------------------------------------
  1 |    8.079    -0.882   452.929   201.019    -0.285 
  2 |   13.219    -0.193   -22.886    22.644    -0.127 
  3 |    1.069    -0.262   148.723    62.193    -0.077 
  4 |   -0.789    -0.284   181.979    71.053    -0.073 
  5 |    0.206    -0.060    34.484    14.320    -0.017 
  6 |    3.570    -0.210    90.442    44.851    -0.077 
  7 |   -0.987    -0.239   156.566    60.388    -0.060 
  8 |    2.322    -0.019   -13.244     0.280    -0.018 
  9 |   -0.019     0.002    -1.249    -0.546     0.001 
 10 |  -13.244    -1.249   904.463   330.702    -0.266 
 11 |    0.280    -0.546   330.702   133.246    -0.150 
 12 |   -0.018     0.001    -0.266    -0.150     0.000 
-------------------------------------------------------

Table 1 -1-2. M.S. GENOTYPE (dft= 34 )
---------------------------------------------------------------------------
          1         2         3         4         5         6         7    
---------------------------------------------------------------------------
  1 |  200.404    49.093    23.846     7.991   -23.459    32.674     7.261 
  2 |   49.093    68.006    16.365    12.581   -10.741    18.158    13.277 
  3 |   23.846    16.365     8.930     4.984    -2.053     4.105     5.357 
  4 |    7.991    12.581     4.984    17.220    -0.332     8.669    15.140 
  5 |  -23.459   -10.741    -2.053    -0.332     6.673    -5.642    -0.317 
  6 |   32.674    18.158     4.105     8.669    -5.642    18.122     7.784 
  7 |    7.261    13.277     5.357    15.140    -0.317     7.784    14.179 
  8 |   17.580    -2.108     1.841     2.389     0.089     3.714     2.743 
  9 |    0.095     0.173     0.024     0.095    -0.048     0.012     0.099 
 10 |  264.983   185.065    49.116    78.980   -73.289    94.255    70.167 
 11 |   31.837    28.946    13.914    22.204    -2.385    12.774    20.498 
 12 |   -0.389    -0.067    -0.084     0.171     0.042     0.058     0.159 
---------------------------------------------------------------------------
Table 1 -1-2. M.S. GENOTYPE (dft= 34 )
-------------------------------------------------------
          8         9        10        11        12    
-------------------------------------------------------
  1 |   17.580     0.095   264.983    31.837    -0.389 
  2 |   -2.108     0.173   185.065    28.946    -0.067 
  3 |    1.841     0.024    49.116    13.914    -0.084 
  4 |    2.389     0.095    78.980    22.204     0.171 
  5 |    0.089    -0.048   -73.289    -2.385     0.042 
  6 |    3.714     0.012    94.255    12.774     0.058 
  7 |    2.743     0.099    70.167    20.498     0.159 
  8 |   10.895     0.021   -23.476     4.230     0.020 
  9 |    0.021     0.007     0.283     0.119     0.002 
 10 |  -23.476     0.283  1449.994   128.095     0.139 
 11 |    4.230     0.119   128.095    36.118     0.087 
 12 |    0.020     0.002     0.139     0.087     0.005 
-------------------------------------------------------

Table 1 -1-3. M.S. ERROR (dft= 68 )
---------------------------------------------------------------------------
          1         2         3         4         5         6         7    
---------------------------------------------------------------------------
  1 |   11.377    -0.791     1.422     3.592     0.924     1.192     3.745 
  2 |   -0.791     3.718    -0.212    -0.444    -0.042    -0.288    -0.433 
  3 |    1.422    -0.212     2.968     1.884     0.807     0.303     2.005 
  4 |    3.592    -0.444     1.884     4.766     1.163     1.044     4.439 
  5 |    0.924    -0.042     0.807     1.163     1.154    -0.436     1.179 
  6 |    1.192    -0.288     0.303     1.044    -0.436     1.892     1.007 
  7 |    3.745    -0.433     2.005     4.439     1.179     1.007     4.768 
  8 |   -0.334    -0.130     0.083     0.227    -0.121     0.099     0.346 
  9 |    0.032    -0.003     0.009     0.016    -0.010     0.009     0.033 
 10 |   17.011     0.024     3.367    14.201    -1.056     6.739    14.461 
 11 |    5.013    -0.656     4.852     6.650     1.969     1.347     6.443 
 12 |    0.052    -0.000    -0.023     0.040     0.005     0.013     0.060 
---------------------------------------------------------------------------
Table 1 -1-3. M.S. ERROR (dft= 68 )
-------------------------------------------------------
          8         9        10        11        12    
-------------------------------------------------------
  1 |   -0.334     0.032    17.011     5.013     0.052 
  2 |   -0.130    -0.003     0.024    -0.656    -0.000 
  3 |    0.083     0.009     3.367     4.852    -0.023 
  4 |    0.227     0.016    14.201     6.650     0.040 
  5 |   -0.121    -0.010    -1.056     1.969     0.005 
  6 |    0.099     0.009     6.739     1.347     0.013 
  7 |    0.346     0.033    14.461     6.443     0.060 
  8 |    1.197     0.006    -1.849     0.310     0.009 
  9 |    0.006     0.002     0.141     0.025     0.001 
 10 |   -1.849     0.141   116.901    17.568     0.240 
 11 |    0.310     0.025    17.568    11.501     0.017 
 12 |    0.009     0.001     0.240     0.017     0.002 
-------------------------------------------------------


Job name: 73-1 A low input
Table 1 -2. The heritability.
-------------------------
 Trait  heritability (%)
-------------------------
   1          84.71   
   2          85.21   
   3          40.11   
   4          46.55   
   5          61.45   
   6          74.09   
   7          39.69   
   8          72.97   
   9          39.43   
  10          79.17   
  11          41.64   
  12          28.32   
-------------------------

Job name: 73-1 A low input
Table 1 -3. The coefficient of correlation matrix.
Table 1 -3-1. Phenotypic correlation (computed by all material)
---------------------------------------------------------------------------
          1         2         3         4         5         6         7    
---------------------------------------------------------------------------
  1 |   1.0000    0.3737    0.5106    0.2540   -0.4329    0.5306    0.2537 
  2 |   0.3737    1.0000    0.4630    0.2509   -0.3941    0.4462    0.2806 
  3 |   0.5106    0.4630    1.0000    0.4868   -0.0034    0.3077    0.5362 
  4 |   0.2540    0.2509    0.4868    1.0000    0.1503    0.4667    0.9565 
  5 |  -0.4329   -0.3941   -0.0034    0.1503    1.0000   -0.4293    0.1593 
  6 |   0.5306    0.4462    0.3077    0.4667   -0.4293    1.0000    0.4502 
  7 |   0.2537    0.2806    0.5362    0.9565    0.1593    0.4502    1.0000 
  8 |   0.3048   -0.0485    0.1387    0.1417   -0.0129    0.2341    0.1830 
  9 |   0.0622    0.1592    0.0598    0.1857   -0.2149    0.0344    0.2712 
 10 |   0.5018    0.4928    0.3805    0.5261   -0.5845    0.5644    0.5160 
 11 |   0.4213    0.3956    0.8182    0.9005    0.0972    0.4604    0.8964 
 12 |  -0.1950   -0.0845   -0.3315    0.4591    0.1687    0.1678    0.5490 
---------------------------------------------------------------------------
Table 1 -3-1. Phenotypic correlation (computed by all material)
-------------------------------------------------------
          8         9        10        11        12    
-------------------------------------------------------
  1 |   0.3048    0.0622    0.5018    0.4213   -0.1950 
  2 |  -0.0485    0.1592    0.4928    0.3956   -0.0845 
  3 |   0.1387    0.0598    0.3805    0.8182   -0.3315 
  4 |   0.1417    0.1857    0.5261    0.9005    0.4591 
  5 |  -0.0129   -0.2149   -0.5845    0.0972    0.1687 
  6 |   0.2341    0.0344    0.5644    0.4604    0.1678 
  7 |   0.1830    0.2712    0.5160    0.8964    0.5490 
  8 |   1.0000    0.0776   -0.1831    0.1623    0.1011 
  9 |   0.0776    1.0000    0.1073    0.1520    0.3892 
 10 |  -0.1831    0.1073    1.0000    0.5357    0.1461 
 11 |   0.1623    0.1520    0.5357    1.0000    0.1371 
 12 |   0.1011    0.3892    0.1461    0.1371    1.0000 
-------------------------------------------------------

Table 1 -3-1. Phenotypic correlation (computed by lines)
---------------------------------------------------------------------------
          1         2         3         4         5         6         7    
---------------------------------------------------------------------------
  1 |   1.0000    0.4205    0.5637    0.1360   -0.6415    0.5422    0.1362 
  2 |   0.4205    1.0000    0.6641    0.3677   -0.5042    0.5172    0.4276 
  3 |   0.5637    0.6641    1.0000    0.4020   -0.2659    0.3227    0.4761 
  4 |   0.1360    0.3677    0.4020    1.0000   -0.0310    0.4907    0.9690 
  5 |  -0.6415   -0.5042   -0.2659   -0.0310    1.0000   -0.5131   -0.0326 
  6 |   0.5422    0.5172    0.3227    0.4907   -0.5131    1.0000    0.4856 
  7 |   0.1362    0.4276    0.4761    0.9690   -0.0326    0.4856    1.0000 
  8 |   0.3762   -0.0774    0.1867    0.1744    0.0104    0.2643    0.2207 
  9 |   0.0795    0.2489    0.0938    0.2721   -0.2205    0.0336    0.3105 
 10 |   0.4916    0.5893    0.4316    0.4998   -0.7451    0.5815    0.4894 
 11 |   0.3742    0.5841    0.7748    0.8903   -0.1536    0.4993    0.9058 
 12 |  -0.3833   -0.1133   -0.3919    0.5736    0.2262    0.1900    0.5882 
---------------------------------------------------------------------------
Table 1 -3-1. Phenotypic correlation (computed by lines)
-------------------------------------------------------
          8         9        10        11        12    
-------------------------------------------------------
  1 |   0.3762    0.0795    0.4916    0.3742   -0.3833 
  2 |  -0.0774    0.2489    0.5893    0.5841   -0.1133 
  3 |   0.1867    0.0938    0.4316    0.7748   -0.3919 
  4 |   0.1744    0.2721    0.4998    0.8903    0.5736 
  5 |   0.0104   -0.2205   -0.7451   -0.1536    0.2262 
  6 |   0.2643    0.0336    0.5815    0.4993    0.1900 
  7 |   0.2207    0.3105    0.4894    0.9058    0.5882 
  8 |   1.0000    0.0758   -0.1868    0.2133    0.0840 
  9 |   0.0758    1.0000    0.0882    0.2345    0.3234 
 10 |  -0.1868    0.0882    1.0000    0.5597    0.0511 
 11 |   0.2133    0.2345    0.5597    1.0000    0.2012 
 12 |   0.0840    0.3234    0.0511    0.2012    1.0000 
-------------------------------------------------------

Table 1 -3-1. Phenothpic correlation.
---------------------------------------------------------------------------
          1         2         3         4         5         6         7    
---------------------------------------------------------------------------
  1 |   1.0000    0.3662    0.4634    0.1964   -0.4827    0.5014    0.2028 
  2 |   0.3662    1.0000    0.4760    0.2603   -0.4158    0.4325    0.2934 
  3 |   0.4634    0.4760    1.0000    0.4389   -0.0380    0.2611    0.4989 
  4 |   0.1964    0.2603    0.4389    1.0000    0.1286    0.4444    0.9536 
  5 |  -0.4827   -0.4158   -0.0380    0.1286    1.0000   -0.4644    0.1398 
  6 |   0.5014    0.4325    0.2611    0.4444   -0.4644    1.0000    0.4299 
  7 |   0.2028    0.2934    0.4989    0.9536    0.1398    0.4299    1.0000 
  8 |   0.3106   -0.0748    0.1429    0.1508   -0.0141    0.2293    0.1935 
  9 |   0.0970    0.1769    0.1001    0.2241   -0.2065    0.0597    0.3085 
 10 |   0.4878    0.5194    0.3530    0.5060   -0.6132    0.5609    0.4959 
 11 |   0.3645    0.4138    0.7967    0.8927    0.0674    0.4298    0.8916 
 12 |  -0.1922   -0.0785   -0.3387    0.4868    0.1732    0.1823    0.5754 
---------------------------------------------------------------------------
Table 1 -3-1. Phenothpic correlation.
-------------------------------------------------------
          8         9        10        11        12    
-------------------------------------------------------
  1 |   0.3106    0.0970    0.4878    0.3645   -0.1922 
  2 |  -0.0748    0.1769    0.5194    0.4138   -0.0785 
  3 |   0.1429    0.1001    0.3530    0.7967   -0.3387 
  4 |   0.1508    0.2241    0.5060    0.8927    0.4868 
  5 |  -0.0141   -0.2065   -0.6132    0.0674    0.1732 
  6 |   0.2293    0.0597    0.5609    0.4298    0.1823 
  7 |   0.1935    0.3085    0.4959    0.8916    0.5754 
  8 |   1.0000    0.0812   -0.1817    0.1731    0.1047 
  9 |   0.0812    1.0000    0.1260    0.2009    0.3878 
 10 |  -0.1817    0.1260    1.0000    0.5174    0.1524 
 11 |   0.1731    0.2009    0.5174    1.0000    0.1576 
 12 |   0.1047    0.3878    0.1524    0.1576    1.0000 
-------------------------------------------------------

Table 1 -3-2. Genotypic correlation.
---------------------------------------------------------------------------
          1         2         3         4         5         6         7    
---------------------------------------------------------------------------
  1 |   1.0000    0.4525    0.6680    0.0907   -0.7549    0.5684    0.0833 
  2 |   0.4525    1.0000    0.8467    0.4603   -0.5681    0.5711    0.5574 
  3 |   0.6680    0.8467    1.0000    0.3598   -0.4985    0.3865    0.4476 
  4 |   0.0907    0.4603    0.3598    1.0000   -0.1803    0.5363    0.9885 
  5 |  -0.7549   -0.5681   -0.4985   -0.1803    1.0000   -0.5501   -0.2076 
  6 |   0.5684    0.5711    0.3865    0.5363   -0.5501    1.0000    0.5483 
  7 |   0.0833    0.5574    0.4476    0.9885   -0.2076    0.5483    1.0000 
  8 |   0.4184   -0.0792    0.2312    0.1967    0.0287    0.2881    0.2509 
  9 |   0.0670    0.3196    0.0859    0.3286   -0.2374    0.0102    0.3130 
 10 |   0.4940    0.6321    0.5132    0.5027   -0.8421    0.5950    0.4973 
 11 |   0.3932    0.7441    0.7481    0.8883   -0.3736    0.5717    0.9234 
 12 |  -0.6077   -0.1574   -0.4743    0.7035    0.2991    0.2100    0.6123 
---------------------------------------------------------------------------
Table 1 -3-2. Genotypic correlation.
-------------------------------------------------------
          8         9        10        11        12    
-------------------------------------------------------
  1 |   0.4184    0.0670    0.4940    0.3932   -0.6077 
  2 |  -0.0792    0.3196    0.6321    0.7441   -0.1574 
  3 |   0.2312    0.0859    0.5132    0.7481   -0.4743 
  4 |   0.1967    0.3286    0.5027    0.8883    0.7035 
  5 |   0.0287   -0.2374   -0.8421   -0.3736    0.2991 
  6 |   0.2881    0.0102    0.5950    0.5717    0.2100 
  7 |   0.2509    0.3130    0.4973    0.9234    0.6123 
  8 |   1.0000    0.0724   -0.1902    0.2537    0.0663 
  9 |   0.0724    1.0000    0.0569    0.2760    0.2297 
 10 |  -0.1902    0.0569    1.0000    0.6101   -0.0523 
 11 |   0.2537    0.2760    0.6101    1.0000    0.2670 
 12 |   0.0663    0.2297   -0.0523    0.2670    1.0000 
-------------------------------------------------------

Table 1 -3-3. Environmentic correlation.
---------------------------------------------------------------------------
          1         2         3         4         5         6         7    
---------------------------------------------------------------------------
  1 |   1.0000   -0.1217    0.2446    0.4878    0.2550    0.2569    0.5086 
  2 |  -0.1217    1.0000   -0.0637   -0.1056   -0.0200   -0.1087   -0.1028 
  3 |   0.2446   -0.0637    1.0000    0.5009    0.4360    0.1279    0.5329 
  4 |   0.4878   -0.1056    0.5009    1.0000    0.4957    0.3476    0.9312 
  5 |   0.2550   -0.0200    0.4360    0.4957    1.0000   -0.2950    0.5025 
  6 |   0.2569   -0.1087    0.1279    0.3476   -0.2950    1.0000    0.3354 
  7 |   0.5086   -0.1028    0.5329    0.9312    0.5025    0.3354    1.0000 
  8 |  -0.0904   -0.0618    0.0442    0.0951   -0.1033    0.0660    0.1449 
  9 |   0.1914   -0.0279    0.1094    0.1464   -0.1855    0.1369    0.3055 
 10 |   0.4665    0.0012    0.1808    0.6017   -0.0909    0.4531    0.6125 
 11 |   0.4383   -0.1003    0.8304    0.8982    0.5405    0.2888    0.8701 
 12 |   0.3186   -0.0036   -0.2730    0.3738    0.0921    0.1998    0.5630 
---------------------------------------------------------------------------
Table 1 -3-3. Environmentic correlation.
-------------------------------------------------------
          8         9        10        11        12    
-------------------------------------------------------
  1 |  -0.0904    0.1914    0.4665    0.4383    0.3186 
  2 |  -0.0618   -0.0279    0.0012   -0.1003   -0.0036 
  3 |   0.0442    0.1094    0.1808    0.8304   -0.2730 
  4 |   0.0951    0.1464    0.6017    0.8982    0.3738 
  5 |  -0.1033   -0.1855   -0.0909    0.5405    0.0921 
  6 |   0.0660    0.1369    0.4531    0.2888    0.1998 
  7 |   0.1449    0.3055    0.6125    0.8701    0.5630 
  8 |   1.0000    0.1048   -0.1563    0.0836    0.1693 
  9 |   0.1048    1.0000    0.2652    0.1498    0.4720 
 10 |  -0.1563    0.2652    1.0000    0.4791    0.4584 
 11 |   0.0836    0.1498    0.4791    1.0000    0.1020 
 12 |   0.1693    0.4720    0.4584    0.1020    1.0000 
-------------------------------------------------------


Job name: 73-1 A low input
Table 1 -4. The effect of indirect selection.
---------------------------------------------------------------------------
        1   +/-   2   +/-   3   +/-   4   +/-   5   +/-   6   +/-   7   +/-
---------------------------------------------------------------------------
  1 |           0.4512 -  0.9708 -  0.1223 - -0.8863 -  0.6078 -  0.1218 - 
  2 | 0.4539 -            1.2342 +  0.6228 - -0.6690 -  0.6124 -  0.8167 - 
  3 | 0.4596 -  0.5809 -            0.3340 - -0.4027 -  0.2844 -  0.4500 - 
  4 | 0.0672 -  0.3403 -  0.3877 -           -0.1569 -  0.4251 -  1.0706 + 
  5 |-0.6430 - -0.4824 - -0.6170 - -0.2071 -           -0.5010 - -0.2583 - 
  6 | 0.5316 -  0.5325 -  0.5253 -  0.6766 - -0.6040 -            0.7491 - 
  7 | 0.0570 -  0.3804 -  0.4453 -  0.9127 - -0.1668 -  0.4013 -           
  8 | 0.3883 - -0.0733 -  0.3119 -  0.2463 -  0.0313 -  0.2859 -  0.3402 - 
  9 | 0.0457 -  0.2174 -  0.0852 -  0.3024 - -0.1902 -  0.0074 -  0.3120 - 
 10 | 0.4776 -  0.6093 -  0.7210 -  0.6556 - -0.9559 -  0.6151 -  0.7024 - 
 11 | 0.2757 -  0.5202 -  0.7622 -  0.8401 - -0.3075 -  0.4286 -  0.9458 - 
 12 |-0.3514 - -0.0907 - -0.3985 -  0.5487 -  0.2030 -  0.1298 -  0.5173 - 
---------------------------------------------------------------------------
-------------------------------------------------------
        8   +/-   9   +/-  10   +/-  11   +/-  12   +/-
-------------------------------------------------------
  1 | 0.4508 -  0.0982 -  0.5110 -  0.5609 - -1.0511 - 
  2 |-0.0856 -  0.4699 -  0.6558 -  1.0645 + -0.2730 - 
  3 | 0.1714 -  0.0867 -  0.3652 -  0.7342 - -0.5644 - 
  4 | 0.1571 -  0.3570 -  0.3855 -  0.9393 -  0.9020 - 
  5 | 0.0264 - -0.2964 - -0.7419 - -0.4538 -  0.4405 - 
  6 | 0.2903 -  0.0139 -  0.5756 -  0.7626 -  0.3396 - 
  7 | 0.1850 -  0.3140 -  0.3521 -  0.9015 -  0.7249 - 
  8 |           0.0985 - -0.1826 -  0.3359 -  0.1064 - 
  9 | 0.0532 -            0.0402 -  0.2686 -  0.2710 - 
 10 |-0.1981 -  0.0806 -            0.8413 - -0.0874 - 
 11 | 0.1916 -  0.2836 -  0.4425 -            0.3237 - 
 12 | 0.0413 -  0.1947 - -0.0313 -  0.2202 -           
-------------------------------------------------------

Job name: 73-1 B high input
Table 2 -1. The VARiance-COVariance matrix.
Table 2 -1-1. M.S. BLOCK (dft= 2 )
---------------------------------------------------------------------------
          1         2         3         4         5         6         7    
---------------------------------------------------------------------------
  1 |   35.268   -24.125    21.969     5.641     6.816    -1.136     6.800 
  2 |  -24.125    17.552   -13.154    -8.235    -6.041     4.419    -8.481 
  3 |   21.969   -13.154    17.033    -4.300     1.783     5.795    -2.602 
  4 |    5.641    -8.235    -4.300    19.143     6.839   -15.363    17.051 
  5 |    6.816    -6.041     1.783     6.839     3.129    -5.004     6.345 
  6 |   -1.136     4.419     5.795   -15.363    -5.004    12.671   -13.504 
  7 |    6.800    -8.481    -2.602    17.051     6.345   -13.504    15.281 
  8 |   11.410    -9.318     4.406     8.133     4.193    -5.617     7.720 
  9 |   -0.441     0.273    -0.325     0.047    -0.048    -0.084     0.018 
 10 |  -22.159    27.317     7.909   -54.231   -20.258    42.899   -48.630 
 11 |   27.611   -21.389    12.733    14.844     8.622    -9.567    14.449 
 12 |   -0.193     0.073    -0.225     0.214     0.040    -0.197     0.177 
---------------------------------------------------------------------------
Table 2 -1-1. M.S. BLOCK (dft= 2 )
-------------------------------------------------------
          8         9        10        11        12    
-------------------------------------------------------
  1 |   11.410    -0.441   -22.159    27.611    -0.193 
  2 |   -9.318     0.273    27.317   -21.389     0.073 
  3 |    4.406    -0.325     7.909    12.733    -0.225 
  4 |    8.133     0.047   -54.231    14.844     0.214 
  5 |    4.193    -0.048   -20.258     8.622     0.040 
  6 |   -5.617    -0.084    42.899    -9.567    -0.197 
  7 |    7.720     0.018   -48.630    14.449     0.177 
  8 |    5.873    -0.102   -24.698    12.539     0.022 
  9 |   -0.102     0.006    -0.050    -0.278     0.004 
 10 |  -24.698    -0.050   154.770   -46.322    -0.559 
 11 |   12.539    -0.278   -46.322    27.577    -0.011 
 12 |    0.022     0.004    -0.559    -0.011     0.004 
-------------------------------------------------------

Table 2 -1-2. M.S. GENOTYPE (dft= 34 )
---------------------------------------------------------------------------
          1         2         3         4         5         6         7    
---------------------------------------------------------------------------
  1 |  226.032    47.089    21.112   -30.055   -32.055    18.958   -26.688 
  2 |   47.089    77.398    29.469     9.556   -13.944    17.942     3.734 
  3 |   21.112    29.469    34.614     8.395    -3.385     6.462     5.996 
  4 |  -30.055     9.556     8.395    36.969     7.336     1.077    33.767 
  5 |  -32.055   -13.944    -3.385     7.336    17.268    -9.452     6.275 
  6 |   18.958    17.942     6.462     1.077    -9.452    22.537    -0.502 
  7 |  -26.688     3.734     5.996    33.767     6.275    -0.502    35.835 
  8 |   -1.654    -4.677    -4.200    -3.252    -0.947     1.888    -1.013 
  9 |   -0.580    -0.160    -0.088     0.186     0.113    -0.167     0.266 
 10 |  158.199   150.236    89.675    83.788   -91.412    83.541    54.596 
 11 |   -8.944    39.025    43.009    45.364     3.951     7.539    39.763 
 12 |   -0.587    -0.322    -0.320     0.281     0.112    -0.098     0.378 
---------------------------------------------------------------------------
Table 2 -1-2. M.S. GENOTYPE (dft= 34 )
-------------------------------------------------------
          8         9        10        11        12    
-------------------------------------------------------
  1 |   -1.654    -0.580   158.199    -8.944    -0.587 
  2 |   -4.677    -0.160   150.236    39.025    -0.322 
  3 |   -4.200    -0.088    89.675    43.009    -0.320 
  4 |   -3.252     0.186    83.788    45.364     0.281 
  5 |   -0.947     0.113   -91.412     3.951     0.112 
  6 |    1.888    -0.167    83.541     7.539    -0.098 
  7 |   -1.013     0.266    54.596    39.763     0.378 
  8 |    9.174    -0.016   -29.264    -7.453     0.045 
  9 |   -0.016     0.009    -1.008     0.098     0.005 
 10 |  -29.264    -1.008  1357.572   173.462    -0.599 
 11 |   -7.453     0.098   173.462    88.373    -0.039 
 12 |    0.045     0.005    -0.599    -0.039     0.009 
-------------------------------------------------------

Table 2 -1-3. M.S. ERROR (dft= 68 )
---------------------------------------------------------------------------
          1         2         3         4         5         6         7    
---------------------------------------------------------------------------
  1 |   15.447    -1.088     3.382     4.810     1.057     1.203     3.902 
  2 |   -1.088     3.288     1.544    -1.304    -0.109     0.185    -0.876 
  3 |    3.382     1.544    11.095     5.718     2.491    -0.892     4.547 
  4 |    4.810    -1.304     5.718    18.043     4.759     1.680    16.363 
  5 |    1.057    -0.109     2.491     4.759     2.956    -0.482     4.284 
  6 |    1.203     0.185    -0.892     1.680    -0.482    10.031     1.429 
  7 |    3.902    -0.876     4.547    16.363     4.284     1.429    16.390 
  8 |   -0.057    -0.376    -0.363     0.300    -0.177     0.010     0.999 
  9 |    0.033     0.000     0.025     0.090     0.006     0.019     0.093 
 10 |   13.442    -2.315    11.373    19.299     2.624     6.464    15.242 
 11 |    8.191     0.240    16.813    23.760     7.250     0.788    20.910 
 12 |    0.003    -0.015    -0.069     0.106     0.016     0.022     0.136 
---------------------------------------------------------------------------
Table 2 -1-3. M.S. ERROR (dft= 68 )
-------------------------------------------------------
          8         9        10        11        12    
-------------------------------------------------------
  1 |   -0.057     0.033    13.442     8.191     0.003 
  2 |   -0.376     0.000    -2.315     0.240    -0.015 
  3 |   -0.363     0.025    11.373    16.813    -0.069 
  4 |    0.300     0.090    19.299    23.760     0.106 
  5 |   -0.177     0.006     2.624     7.250     0.016 
  6 |    0.010     0.019     6.464     0.788     0.022 
  7 |    0.999     0.093    15.242    20.910     0.136 
  8 |    2.550     0.015    -5.240    -0.063     0.025 
  9 |    0.015     0.003    -0.129     0.115     0.001 
 10 |   -5.240    -0.129   140.055    30.672     0.005 
 11 |   -0.063     0.115    30.672    40.573     0.036 
 12 |    0.025     0.001     0.005     0.036     0.003 
-------------------------------------------------------


Job name: 73-1 B high input
Table 2 -2. The heritability.
-------------------------
 Trait  heritability (%)
-------------------------
   1          81.96   
   2          88.25   
   3          41.40   
   4          25.91   
   5          61.74   
   6          29.36   
   7          28.34   
   8          46.40   
   9          44.00   
  10          74.34   
  11          28.20   
  12          45.19   
-------------------------

Job name: 73-1 B high input
Table 2 -3. The coefficient of correlation matrix.
Table 2 -3-1. Phenotypic correlation (computed by all material)
---------------------------------------------------------------------------
          1         2         3         4         5         6         7    
---------------------------------------------------------------------------
  1 |   1.0000    0.2931    0.2384   -0.1450   -0.3797    0.2010   -0.1378 
  2 |   0.2931    1.0000    0.4534    0.0814   -0.3257    0.3060    0.0193 
  3 |   0.2384    0.4534    1.0000    0.2990    0.0463    0.1003    0.2356 
  4 |  -0.1450    0.0814    0.2990    1.0000    0.4145    0.0623    0.9399 
  5 |  -0.3797   -0.3257    0.0463    0.4145    1.0000   -0.3365    0.3776 
  6 |   0.2010    0.3060    0.1003    0.0623   -0.3365    1.0000    0.0285 
  7 |  -0.1378    0.0193    0.2356    0.9399    0.3776    0.0285    1.0000 
  8 |  -0.0178   -0.1696   -0.1605   -0.0660   -0.0571    0.0627    0.0452 
  9 |  -0.2773   -0.1287   -0.0617    0.3534    0.2100   -0.1679    0.4482 
 10 |   0.2814    0.3935    0.3659    0.3410   -0.4453    0.3705    0.2430 
 11 |   0.0430    0.3171    0.7780    0.8321    0.2998    0.0993    0.7558 
 12 |  -0.3078   -0.3146   -0.5177    0.4895    0.2505   -0.0825    0.6614 
---------------------------------------------------------------------------
Table 2 -3-1. Phenotypic correlation (computed by all material)
-------------------------------------------------------
          8         9        10        11        12    
-------------------------------------------------------
  1 |  -0.0178   -0.2773    0.2814    0.0430   -0.3078 
  2 |  -0.1696   -0.1287    0.3935    0.3171   -0.3146 
  3 |  -0.1605   -0.0617    0.3659    0.7780   -0.5177 
  4 |  -0.0660    0.3534    0.3410    0.8321    0.4895 
  5 |  -0.0571    0.2100   -0.4453    0.2998    0.2505 
  6 |   0.0627   -0.1679    0.3705    0.0993   -0.0825 
  7 |   0.0452    0.4482    0.2430    0.7558    0.6614 
  8 |   1.0000    0.0144   -0.2655   -0.1368    0.2087 
  9 |   0.0144    1.0000   -0.2584    0.1968    0.5062 
 10 |  -0.2655   -0.2584    1.0000    0.4372   -0.1278 
 11 |  -0.1368    0.1968    0.4372    1.0000    0.0214 
 12 |   0.2087    0.5062   -0.1278    0.0214    1.0000 
-------------------------------------------------------

Table 2 -3-1. Phenotypic correlation (computed by lines)
---------------------------------------------------------------------------
          1         2         3         4         5         6         7    
---------------------------------------------------------------------------
  1 |   1.0000    0.3560    0.2387   -0.3288   -0.5131    0.2656   -0.2965 
  2 |   0.3560    1.0000    0.5694    0.1786   -0.3814    0.4296    0.0709 
  3 |   0.2387    0.5694    1.0000    0.2347   -0.1385    0.2314    0.1702 
  4 |  -0.3288    0.1786    0.2347    1.0000    0.2903    0.0373    0.9277 
  5 |  -0.5131   -0.3814   -0.1385    0.2903    1.0000   -0.4791    0.2523 
  6 |   0.2656    0.4296    0.2314    0.0373   -0.4791    1.0000   -0.0177 
  7 |  -0.2965    0.0709    0.1702    0.9277    0.2523   -0.0177    1.0000 
  8 |  -0.0363   -0.1755   -0.2357   -0.1766   -0.0752    0.1313   -0.0558 
  9 |  -0.4078   -0.1919   -0.1579    0.3225    0.2876   -0.3711    0.4696 
 10 |   0.2856    0.4635    0.4137    0.3740   -0.5970    0.4776    0.2475 
 11 |  -0.0633    0.4719    0.7776    0.7937    0.1011    0.1689    0.7066 
 12 |  -0.4131   -0.3875   -0.5745    0.4885    0.2839   -0.2190    0.6685 
---------------------------------------------------------------------------
Table 2 -3-1. Phenotypic correlation (computed by lines)
-------------------------------------------------------
          8         9        10        11        12    
-------------------------------------------------------
  1 |  -0.0363   -0.4078    0.2856   -0.0633   -0.4131 
  2 |  -0.1755   -0.1919    0.4635    0.4719   -0.3875 
  3 |  -0.2357   -0.1579    0.4137    0.7776   -0.5745 
  4 |  -0.1766    0.3225    0.3740    0.7937    0.4885 
  5 |  -0.0752    0.2876   -0.5970    0.1011    0.2839 
  6 |   0.1313   -0.3711    0.4776    0.1689   -0.2190 
  7 |  -0.0558    0.4696    0.2475    0.7066    0.6685 
  8 |   1.0000   -0.0571   -0.2622   -0.2617    0.1568 
  9 |  -0.0571    1.0000   -0.2891    0.1097    0.5846 
 10 |  -0.2622   -0.2891    1.0000    0.5008   -0.1720 
 11 |  -0.2617    0.1097    0.5008    1.0000   -0.0436 
 12 |   0.1568    0.5846   -0.1720   -0.0436    1.0000 
-------------------------------------------------------

Table 2 -3-1. Phenothpic correlation.
---------------------------------------------------------------------------
          1         2         3         4         5         6         7    
---------------------------------------------------------------------------
  1 |   1.0000    0.3058    0.2307   -0.1492   -0.3880    0.2042   -0.1422 
  2 |   0.3058    1.0000    0.4714    0.0887   -0.3210    0.3062    0.0261 
  3 |   0.2307    0.4714    1.0000    0.3078    0.0440    0.0951    0.2417 
  4 |  -0.1492    0.0887    0.3078    1.0000    0.4096    0.0795    0.9392 
  5 |  -0.3880   -0.3210    0.0440    0.4096    1.0000   -0.3315    0.3722 
  6 |   0.2042    0.3062    0.0951    0.0795   -0.3315    1.0000    0.0436 
  7 |  -0.1422    0.0261    0.2417    0.9392    0.3722    0.0436    1.0000 
  8 |  -0.0292   -0.1568   -0.1730   -0.0821   -0.0715    0.0774    0.0315 
  9 |  -0.2684   -0.1458   -0.0419    0.3579    0.2184   -0.1652    0.4558 
 10 |   0.2853    0.3926    0.3686    0.3538   -0.4422    0.3652    0.2538 
 11 |   0.0356    0.3311    0.7810    0.8347    0.2943    0.1073    0.7565 
 12 |  -0.3059   -0.3233   -0.5122    0.4853    0.2496   -0.0690    0.6611 
---------------------------------------------------------------------------
Table 2 -3-1. Phenothpic correlation.
-------------------------------------------------------
          8         9        10        11        12    
-------------------------------------------------------
  1 |  -0.0292   -0.2684    0.2853    0.0356   -0.3059 
  2 |  -0.1568   -0.1458    0.3926    0.3311   -0.3233 
  3 |  -0.1730   -0.0419    0.3686    0.7810   -0.5122 
  4 |  -0.0821    0.3579    0.3538    0.8347    0.4853 
  5 |  -0.0715    0.2184   -0.4422    0.2943    0.2496 
  6 |   0.0774   -0.1652    0.3652    0.1073   -0.0690 
  7 |   0.0315    0.4558    0.2538    0.7565    0.6611 
  8 |   1.0000    0.0280   -0.2599   -0.1541    0.2102 
  9 |   0.0280    1.0000   -0.2618    0.2107    0.5008 
 10 |  -0.2599   -0.2618    1.0000    0.4456   -0.1225 
 11 |  -0.1541    0.2107    0.4456    1.0000    0.0221 
 12 |   0.2102    0.5008   -0.1225    0.0221    1.0000 
-------------------------------------------------------

Table 2 -3-2. Genotypic correlation.
---------------------------------------------------------------------------
          1         2         3         4         5         6         7    
---------------------------------------------------------------------------
  1 |   1.0000    0.3856    0.2519   -0.5523   -0.6031    0.3460   -0.4780 
  2 |   0.3856    1.0000    0.6689    0.2900   -0.4248    0.5833    0.1214 
  3 |   0.2519    0.6689    1.0000    0.1269   -0.3203    0.4288    0.0677 
  4 |  -0.5523    0.2900    0.1269    1.0000    0.1566   -0.0392    0.9072 
  5 |  -0.6031   -0.4248   -0.3203    0.1566    1.0000   -0.6705    0.1193 
  6 |   0.3460    0.5833    0.4288   -0.0392   -0.6705    1.0000   -0.1238 
  7 |  -0.4780    0.1214    0.0677    0.9072    0.1193   -0.1238    1.0000 
  8 |  -0.0428   -0.1941   -0.3075   -0.3173   -0.0790    0.2063   -0.1773 
  9 |  -0.5327   -0.2341   -0.2940    0.2767    0.3560   -0.6620    0.4956 
 10 |   0.2859    0.5079    0.4627    0.4248   -0.7124    0.6246    0.2558 
 11 |  -0.1708    0.6516    0.7813    0.7183   -0.1261    0.2761    0.6184 
 12 |  -0.5095   -0.4479   -0.6469    0.5044    0.3179   -0.4278    0.6895 
---------------------------------------------------------------------------
Table 2 -3-2. Genotypic correlation.
-------------------------------------------------------
          8         9        10        11        12    
-------------------------------------------------------
  1 |  -0.0428   -0.5327    0.2859   -0.1708   -0.5095 
  2 |  -0.1941   -0.2341    0.5079    0.6516   -0.4479 
  3 |  -0.3075   -0.2940    0.4627    0.7813   -0.6469 
  4 |  -0.3173    0.2767    0.4248    0.7183    0.5044 
  5 |  -0.0790    0.3560   -0.7124   -0.1261    0.3179 
  6 |   0.2063   -0.6620    0.6246    0.2761   -0.4278 
  7 |  -0.1773    0.4956    0.2558    0.6184    0.6895 
  8 |   1.0000   -0.1512   -0.2675   -0.4153    0.0984 
  9 |  -0.1512    1.0000   -0.3176   -0.0321    0.6786 
 10 |  -0.2675   -0.3176    1.0000    0.5919   -0.2172 
 11 |  -0.4153   -0.0321    0.5919    1.0000   -0.1364 
 12 |   0.0984    0.6786   -0.2172   -0.1364    1.0000 
-------------------------------------------------------

Table 2 -3-3. Environmentic correlation.
---------------------------------------------------------------------------
          1         2         3         4         5         6         7    
---------------------------------------------------------------------------
  1 |   1.0000   -0.1527    0.2583    0.2881    0.1564    0.0967    0.2452 
  2 |  -0.1527    1.0000    0.2557   -0.1693   -0.0348    0.0322   -0.1193 
  3 |   0.2583    0.2557    1.0000    0.4041    0.4349   -0.0846    0.3372 
  4 |   0.2881   -0.1693    0.4041    1.0000    0.6517    0.1249    0.9515 
  5 |   0.1564   -0.0348    0.4349    0.6517    1.0000   -0.0885    0.6155 
  6 |   0.0967    0.0322   -0.0846    0.1249   -0.0885    1.0000    0.1115 
  7 |   0.2452   -0.1193    0.3372    0.9515    0.6155    0.1115    1.0000 
  8 |  -0.0091   -0.1300   -0.0682    0.0442   -0.0645    0.0020    0.1546 
  9 |   0.1620    0.0002    0.1459    0.4106    0.0710    0.1156    0.4433 
 10 |   0.2890   -0.1079    0.2885    0.3839    0.1290    0.1724    0.3181 
 11 |   0.3272    0.0208    0.7924    0.8782    0.6620    0.0391    0.8109 
 12 |   0.0133   -0.1594   -0.4100    0.4907    0.1784    0.1395    0.6612 
---------------------------------------------------------------------------
Table 2 -3-3. Environmentic correlation.
-------------------------------------------------------
          8         9        10        11        12    
-------------------------------------------------------
  1 |  -0.0091    0.1620    0.2890    0.3272    0.0133 
  2 |  -0.1300    0.0002   -0.1079    0.0208   -0.1594 
  3 |  -0.0682    0.1459    0.2885    0.7924   -0.4100 
  4 |   0.0442    0.4106    0.3839    0.8782    0.4907 
  5 |  -0.0645    0.0710    0.1290    0.6620    0.1784 
  6 |   0.0020    0.1156    0.1724    0.0391    0.1395 
  7 |   0.1546    0.4433    0.3181    0.8109    0.6612 
  8 |   1.0000    0.1758   -0.2773   -0.0062    0.3047 
  9 |   0.1758    1.0000   -0.2115    0.3501    0.3577 
 10 |  -0.2773   -0.2115    1.0000    0.4069    0.0091 
 11 |  -0.0062    0.3501    0.4069    1.0000    0.1129 
 12 |   0.3047    0.3577    0.0091    0.1129    1.0000 
-------------------------------------------------------


Job name: 73-1 B high input
Table 2 -4. The effect of indirect selection.
---------------------------------------------------------------------------
        1   +/-   2   +/-   3   +/-   4   +/-   5   +/-   6   +/-   7   +/-
---------------------------------------------------------------------------
  1 |           0.3717 -  0.3545 - -0.9823 - -0.6949 -  0.5781 - -0.8130 - 
  2 | 0.4002 -            0.9765 -  0.5352 - -0.5079 -  1.0113 +  0.2143 - 
  3 | 0.1791 -  0.4581 -            0.1604 - -0.2623 -  0.5093 -  0.0819 - 
  4 |-0.3105 -  0.1571 -  0.1004 -            0.1014 - -0.0369 -  0.8674 - 
  5 |-0.5235 - -0.3553 - -0.3911 -  0.2417 -           -0.9724 -  0.1761 - 
  6 | 0.2071 -  0.3364 -  0.3611 - -0.0418 - -0.4624 -           -0.1261 - 
  7 |-0.2811 -  0.0688 -  0.0560 -  0.9488 -  0.0809 - -0.1217 -           
  8 |-0.0322 - -0.1407 - -0.3255 - -0.4246 - -0.0685 -  0.2593 - -0.2269 - 
  9 |-0.3903 - -0.1653 - -0.3030 -  0.3606 -  0.3005 - -0.8105 -  0.6176 - 
 10 | 0.2723 -  0.4661 -  0.6200 -  0.7197 - -0.7817 -  0.9940 -  0.4143 - 
 11 |-0.1002 -  0.3683 -  0.6448 -  0.7493 - -0.0852 -  0.2706 -  0.6168 - 
 12 |-0.3783 - -0.3205 - -0.6758 -  0.6661 -  0.2720 - -0.5307 -  0.8706 - 
---------------------------------------------------------------------------
-------------------------------------------------------
        8   +/-   9   +/-  10   +/-  11   +/-  12   +/-
